function data = getData(request)
%bright bars moving right
dataBBMR= [2007-8-24-4	10	2	4	8	48.2458	0.4746	48.2118	0.3992	48.2525	0.8105	0	0
2007-8-24-4	11	1	4	16	48.1782	0.6345	48.2217	0.3242	48.6505	1.2637	0	0
2007-8-24-4	2	9	8	8	96.2906	0.7759	97.0162	1.1235	96.0080	1.4017	0	0
2007-8-24-4	6	3	8	8	96.3778	0.8529	96.6834	1.6250	95.8793	1.7374	0	0
2007-03-27-1	12	14	8	8	94.2439	1.4895	92.6371	1.6115	95.7292	1.5379	103.0478	26.2789
2007-03-27-1	15	3	8	8	93.3637	1.6917	92.8020	1.8534	95.1667	1.6961	91.1863	12.34785
2007-8-24-4	7	3	8	16	96.2764	0.8370	96.8241	1.0359	96.0624	1.9367	0	0
2007-03-27-1	18	1	8	16	93.4745	1.4377	90.9224	1.4474	93.5113	1.7181	91.2134	9.8567
2007-8-24-4	4	1	16	8	192.5311	5.2138	205.3461	19.8409	190.0693	16.9549	0	0
2007-03-27-1	16	4	16	8	184.6126	10.2005	176.4689	16.2248	190.8418	24.8675	194.7933	101.3310
2007-8-24-4	5	4	16	16	192.3259	3.5522	195.8780	5.8959	188.3950	7.8328	0	0
2007-8-24-4	3	23	16	16	191.3860	2.8556	195.3012	5.5379	189.7446	6.1453	0	0
2007-03-27-1	13	1	16	16	187.5700	4.4339	179.5899	6.3662	186.8455	6.7636	204.2783	82.6860
2007-03-27-1	19	1	16	16	183.9616	4.7369	177.5880	9.0639	187.5362	12.5737	199.0751	75.2832];
%dark bars moving right
dataDBMR = [2007-03-27-1	  12	2	8	8	93.1327	2.5905	93.9007	0.7951	94.3198	1.3409	96.5501	19.6723
2007-03-27-1	  15	4	8	8	90.8243	3.2959	92.7500	0.7907	93.8439	2.1854	90.4033	27.6925
2007-03-27-1	  18	4	8	16	91.0135	2.6286	92.2978	0.6092	91.9926	2.5153	93.3387	8.9170
2007-03-27-1	  16 	1	16	8	184.1164	24.5050	182.9856	5.3567	192.1703	24.8277	196.1818	50.5889
2007-03-27-1	  13	2	16	16	181.6240	7.7479	183.4271	3.5344	183.6619	10.6257	188.1424	42.8660
2007-03-27-1	  19	4	16	16	179.9152	10.0789	181.9082	5.0169	181.3347	13.4602	188.6278	33.3646
2007-8-24-4	  10	4	4	8	48.0354	1.2482	48.3788	0.1816	48.9651	3.5017	0	0
2007-8-24-4	  11	4	4	16	48.4958	0.4048	48.2571	0.2206	49.5562	4.1184	0	0
2007-8-24-4	  2	7	8	8	96.9170	1.0014	96.6715	0.5256	96.1238	1.7942	0	0
2007-8-24-4	  6	4	8	8	97.3693	1.4487	96.7375	0.4937	95.9965	1.9912	0	0
2007-8-24-4	  7	1	8	16	96.4753	0.7539	97.1396	0.4863	96.6462	2.4552	0	0
2007-8-24-4	  4	3	16	8	193.8624	8.0861	194.9085	4.2517	193.9645	24.2768	0	0
2007-8-24-4	  5 	2	16	16	193.5828	5.0253	193.7174	2.3587	193.6413	8.5866	0	0
2007-8-24-4	  3	22	16	16	194.4410	4.6275	193.8906	2.1418	198.3383	8.8379	0	0];

%bright bars moving left
dataBBML = [2007-03-27-1	  12	16	8	8	94.8607	1.4684	94.7311	1.9928	94.9947	1.5695	95.3229	13.4943
2007-03-27-1	  15	2	8	8	94.0237	1.8506	93.6187	2.3835	93.9831	1.6944	92.2614	11.1204
2007-03-27-1	  18	2	8	16	90.2729	2.7171	93.0857	0.8032	92.4858	2.2720	94.9005	6.0652
2007-03-27-1	  16 	3	16	8	187.1908	10.1278	190.6449	23.5806	187.3632	22.7869	187.8501	53.6012
2007-03-27-1	  13	10	16	16	185.6508	6.4955	186.5406	12.8605	184.8077	9.0203	208.9805	62.4933
2007-03-27-1	  19	2	16	16	184.1038	6.9355	188.7219	10.3075	186.3452	14.9657	194.1702	66.8869
2007-8-24-4	  10	3	4	8	48.0093	0.5485	48.1834	0.3826	48.3782	0.6291	0	0
2007-8-24-4	  11	2	4	16	47.9242	0.6165	48.4239	0.4343	48.6302	1.5909	0	0
2007-8-24-4	  2	19	8	8	95.9987	0.7318	95.3258	1.3285	96.8363	1.4306	0	0
2007-8-24-4	  6	1	8	8	95.9071	0.9401	95.7604	1.4990	97.0385	2.2269	0	0
2007-8-24-4	  7	4	8	16	95.6013	1.0300	95.8385	0.9679	96.7641	1.8774	0	0
2007-8-24-4	  4	2	16	8	191.5647	5.3579	192.1096	23.3616	188.3977	23.9724	0	0
2007-8-24-4	  5 	3	16	16	190.4741	3.9648	189.8284	6.7575	194.3592	8.8499	0	0
2007-8-24-4	  3	17	16	16	191.0115	3.4113	188.5061	6.3803	194.4348	8.8903	0	0];



dataDBML = [2007-03-27-1	  12	5	8	8	93.7029	3.3850	94.8136	0.6999	95.1391	1.9639	98.1572	15.6852
2007-03-27-1	  15	1	8	8	93.0909	3.8252	94.1667	0.8389	94.0491	2.044	97.7999	12.9781
2007-03-27-1	  18	3	8	16	90.2729	2.7171	93.0857	0.8032	92.4858	2.2720	94.9005	6.0652
2007-03-27-1	  16 	2	16	8	188.4690	20.4162	189.2267	8.4526	187.2130	22.7381	198.6514	51.6750
2007-03-27-1	  13	7	16	16	187.6019	11.2079	187.5061	4.7104	188.3484	10.7142	191.2378	36.6428
2007-03-27-1	  19	3	16	16	185.3288	13.9402	187.1187	4.5497	190.0643	16.7014	173.6851	32.7498
2007-8-24-4	  10	1	4	8	48.1388	0.5865	48.1169	0.1886	48.2420	0.7454	0	0
2007-8-24-4	  11	3	4	16	47.6074	0.4337	48.3481	0.2361	47.9567	1.3286	0	0
2007-8-24-4	  2	17	8	8	95.2699	1.0294	94.6568	1.2803	96.3501	1.9308	0	0
2007-8-24-4	  6	2	8	8	95.4485	1.1108	94.6802	1.0343	96.0173	1.6618	0	0
2007-8-24-4	  7	2	8	16	95.2436	0.9315	96.0347	0.5052	95.9390	2.0378	0	0
2007-8-24-4	  4	4	16	8	189.0281	6.3750	188.7123	3.9701	199.5215	16.6594	0	0
2007-8-24-4	  5 	1	16	16	188.8079	5.5961	190.4295	8.3233	187.4636	9.6448	0	0
2007-8-24-4	  3	2	16	16	189.1698	5.1273	188.8348	8.1405	189.6262	8.7575	0	0];


