function [xCoords yCoords] = getElectrodeCoords61()

% coordinate of each electrode on the 61-electrode array, where 1 = 30
% microns for the 60-micron arrays, and 1 = 15 microns for the 30-micron arrays (any edge between
% nearest neighboring electrodes = 2)
% ***electrodes 9, 25 and 57 correspond with nans
% originally written by Anastacia, rewritten by Justin Elstrott
% The position of electrode #41 is taken to be the origin (0,0).
% X+ axis: from electrode 41 towards electrode 13.
% Y+ axis: from electrode 41 towards electrode 62.


xCoords = [1.7320508 3.4641016 3.4641016 1.7320508 5.196152 3.4641016 5.196152 6.928203 nan ...
    6.928203 5.196152 3.4641016 6.928203 5.196152 1.7320508 6.928203 3.4641016 5.196152 6.928203 ...
    5.196152 3.4641016 1.7320508 3.4641016 1.7320508 nan 0 1.7320508 0 0 0 -1.7320508 -1.7320508 ...
    -1.7320508 -3.4641016 -3.4641016 -1.7320508 -5.196152 -3.4641016 -5.196152 -6.928203 0 ...
    -6.928203 -5.196152 -3.4641016 -6.928203 -5.196152 -1.7320508 -6.928203 -3.4641016 -5.196152 ...
    -6.928203 -5.196152 -3.4641016 -1.7320508 -3.4641016 -1.7320508 nan 0 -1.7320508 0 0 0 ...
    1.7320508 1.7320508];
yCoords = [3 6 4 1 5 2 3 4 nan 2 1 0 0 -1 -1 -2 -2 -3 -4 -5 -4 -3 -6 -5 nan -2 -7 -4 -6 -8 -7 -5 ...
    -3 -6 -4 -1 -5 -2 -3 -4 0 -2 -1 0 0 1 1 2 2 3 4 5 4 3 6 5 nan 2 7 4 6 8 7 5];